6191
6191
6191
6191
6191
6191
6191
6191
1523
1523
1523
1523
1523
1523
1523
1523
5074
5074
5074
5074
5074
5074
5074
5074
8189
8189
8189
8189
8189
8189
8189
8189
211
211
211
211
211
211
211
211
8985
8985
8985
8985
8985
8985
8985
8985
1442
1442
1442
1442
1442
1442
1442
1442
1764
1764
1764
1764
1764
1764
1764
1764
11867
11867
11867
11867
11867
11867
11867
11867
14980
14980
14980
14980
14980
14980
14980
14980
17850
17850
17850
17850
17850
17850
17850
17850
11357
11357
11357
11357
11357
11357
11357
11357
16649
16649
16649
16649
16649
16649
16649
16649
12469
12469
12469
12469
12469
12469
12469
12469
1465
1465
1465
1465
1465
1465
1465
1465
2682
2682
2682
2682
2682
2682
2682
2682
8345
8345
8345
8345
8345
8345
8345
8345
12820
12820
12820
12820
12820
12820
12820
12820
18019
18019
18019
18019
18019
18019
18019
18019
3500
3500
3500
3500
3500
3500
3500
3500
5417
5417
5417
5417
5417
5417
5417
5417
12025
12025
12025
12025
12025
12025
12025
12025
5657
5657
5657
5657
5657
5657
5657
5657
4060
4060
4060
4060
4060
4060
4060
4060
7315
7315
7315
7315
7315
7315
7315
7315
10844
10844
10844
10844
10844
10844
10844
10844
4760
4760
4760
4760
4760
4760
4760
4760
10738
10738
10738
10738
10738
10738
10738
10738
16989
16989
16989
16989
16989
16989
16989
16989
9849
9849
9849
9849
9849
9849
9849
9849
533
533
533
533
533
533
533
533
2449
2449
2449
2449
2449
2449
2449
2449
10578
10578
10578
10578
10578
10578
10578
10578
3633
3633
3633
3633
3633
3633
3633
3633
14227
14227
14227
14227
14227
14227
14227
14227
16874
16874
16874
16874
16874
16874
16874
16874
9692
9692
9692
9692
9692
9692
9692
9692
16260
16260
16260
16260
16260
16260
16260
16260
1325
1325
1325
1325
1325
1325
1325
1325
7036
7036
7036
7036
7036
7036
7036
7036
14900
14900
14900
14900
14900
14900
14900
14900
10550
10550
10550
10550
10550
10550
10550
10550
7799
7799
7799
7799
7799
7799
7799
7799
10075
10075
10075
10075
10075
10075
10075
10075
18160
18160
18160
18160
18160
18160
18160
18160
16091
16091
16091
16091
16091
16091
16091
16091
14014
14014
14014
14014
14014
14014
14014
14014
526
526
526
526
526
526
526
526
11810
11810
11810
11810
11810
11810
11810
11810
7624
7624
7624
7624
7624
7624
7624
7624
16341
16341
16341
16341
16341
16341
16341
16341
12632
12632
12632
12632
12632
12632
12632
12632
3951
3951
3951
3951
3951
3951
3951
3951
10570
10570
10570
10570
10570
10570
10570
10570
3759
3759
3759
3759
3759
3759
3759
3759
13797
13797
13797
13797
13797
13797
13797
13797
17515
17515
17515
17515
17515
17515
17515
17515
16538
16538
16538
16538
16538
16538
16538
16538
11198
11198
11198
11198
11198
11198
11198
11198
8187
8187
8187
8187
8187
8187
8187
8187
12697
12697
12697
12697
12697
12697
12697
12697
4764
4764
4764
4764
4764
4764
4764
4764
4190
4190
4190
4190
4190
4190
4190
4190
18156
18156
18156
18156
18156
18156
18156
18156
9290
9290
9290
9290
9290
9290
9290
9290
8110
8110
8110
8110
8110
8110
8110
8110
3559
3559
3559
3559
3559
3559
3559
3559
15129
15129
15129
15129
15129
15129
15129
15129
15063
15063
15063
15063
15063
15063
15063
15063
7589
7589
7589
7589
7589
7589
7589
7589
6000
6000
6000
6000
6000
6000
6000
6000
1621
1621
1621
1621
1621
1621
1621
1621
6417
6417
6417
6417
6417
6417
6417
6417
14048
14048
14048
14048
14048
14048
14048
14048
12963
12963
12963
12963
12963
12963
12963
12963
7828
7828
7828
7828
7828
7828
7828
7828
4747
4747
4747
4747
4747
4747
4747
4747
1412
1412
1412
1412
1412
1412
1412
1412
3062
3062
3062
3062
3062
3062
3062
3062
13133
13133
13133
13133
13133
13133
13133
13133
3564
3564
3564
3564
3564
3564
3564
3564
1150
1150
1150
1150
1150
1150
1150
1150
9884
9884
9884
9884
9884
9884
9884
9884
9057
9057
9057
9057
9057
9057
9057
9057
18356
18356
18356
18356
18356
18356
18356
18356
13999
13999
13999
13999
13999
13999
13999
13999
10453
10453
10453
10453
10453
10453
10453
10453
5212
5212
5212
5212
5212
5212
5212
5212
2017
2017
2017
2017
2017
2017
2017
2017
4457
4457
4457
4457
4457
4457
4457
4457
16083
16083
16083
16083
16083
16083
16083
16083
4072
4072
4072
4072
4072
4072
4072
4072
9071
9071
9071
9071
9071
9071
9071
9071
11071
11071
11071
11071
11071
11071
11071
11071
14976
14976
14976
14976
14976
14976
14976
14976
4576
4576
4576
4576
4576
4576
4576
4576
6473
6473
6473
6473
6473
6473
6473
6473
15661
15661
15661
15661
15661
15661
15661
15661
10163
10163
10163
10163
10163
10163
10163
10163
14457
14457
14457
14457
14457
14457
14457
14457
2907
2907
2907
2907
2907
2907
2907
2907
12378
12378
12378
12378
12378
12378
12378
12378
15147
15147
15147
15147
15147
15147
15147
15147
17020
17020
17020
17020
17020
17020
17020
17020
11
11
11
11
11
11
11
11
10672
10672
10672
10672
10672
10672
10672
10672
5715
5715
5715
5715
5715
5715
5715
5715
717
717
717
717
717
717
717
717
4840
4840
4840
4840
4840
4840
4840
4840
6195
6195
6195
6195
6195
6195
6195
6195
14335
14335
14335
14335
14335
14335
14335
14335
4919
4919
4919
4919
4919
4919
4919
4919
1456
1456
1456
1456
1456
1456
1456
1456
14138
14138
14138
14138
14138
14138
14138
14138
14280
14280
14280
14280
14280
14280
14280
14280
15076
15076
15076
15076
15076
15076
15076
15076
14304
14304
14304
14304
14304
14304
14304
14304
1754
1754
1754
1754
1754
1754
1754
1754
17485
17485
17485
17485
17485
17485
17485
17485
372
372
372
372
372
372
372
372
2069
2069
2069
2069
2069
2069
2069
2069
10252
10252
10252
10252
10252
10252
10252
10252
16492
16492
16492
16492
16492
16492
16492
16492
17742
17742
17742
17742
17742
17742
17742
17742
17629
17629
17629
17629
17629
17629
17629
17629
15245
15245
15245
15245
15245
15245
15245
15245
8205
8205
8205
8205
8205
8205
8205
8205
16106
16106
16106
16106
16106
16106
16106
16106
